# 20	21	22	23	24	25	26	27	28	29	30	31	32	33
																
20		70		90		50		90		200		260		380		580		870		810		670		1210	2370
10		60		60		120		110		60		150		440		310		480		1110	1380	490		540
40		60		30		130		150		370		170		680		500		710		2470	330		2040	2000
20		100		50		140		190		220		280		210		430		670		660		860		2460	1740
10		0		40		100		20		240		380		310		370		480		460		1590	2130	4920
30		40		20		190		170		60		150		370		510		1060	160		220		3940	3130
10		40		100		10		190		180		390		640		610		230		3350	880		2040	2790
60		50		80		130		120		160		330		1030	440		520		930		290		2630	3840
40		70		40		90		20		90		50		330		530		830		630		4010	2070	4110
40		30		130		40		60		160		340		470		230		890		110		1050	300		3310
40		40		100		110		90		310		410		540		500		6000	2640	1510	2370	7210
10		100		40		60		300		360		190		240		830		80		310		390		2280	3530
10		30		150		190		90		290		370		520		740		820		940		2300	590		8150
20		30		170		20		150		60		230		280		320		300		270		1710	3750	2590
30		30		110		230		130		40		250		180		260		540		1000	2530	2240	5750
40		40		60		30		100		60		120		380		350		970		650		3190	1400	3250
50		60		60				230		90		360		700		1160	880		720		970		5000	3820
20		0		30				150		270		220		430		510		1130	350		1100	1720	4550
20		50		70				70		130		110		110		370		2350	1300	3180	4390	2020
		40						20						450		320		220		160		1520	1620	2870
								150								810		50		570		400		750		2930
								160								390		1400	1080	1630	1700	5850
								70								610		1030	630		1520	1320	5540
								130										1350	700		1540	2230
								310										
	
