# 10
8 0
9 0
10 0
11 0.0017196889770516104457347844068921694822
12 0.00078462111234950476676941280132883431588
13 0.00058901478589091652320475287811031098361
14 0.0011971745244613283297823141646936232858
15 0.0011600553874889508752311772876880324916
16 0.0010092748706340182951255799828496357414
17 0.00095920631213661410942332365781926281131
18 0.00096016312399386721045950630560158028200
19 0.00098421620725276123095471868605577438972
20 0.00094011950685771546047068992614265686892
21 0.0010002018152774010523558889383266748271
22 0.00099129733805170758079302388291842878698
23 0.00097844196004273072703222725889053395840
24 0.00097194040495004632288124767498792731308
25 0.00098390198803441188629814841417427587875
26 0.00098620132817410067500498387333587460375
27 0.00097021889626452855132732087028962425874
28 0.00097904186764414483873508545594226430939
29 0.00097900666646243624828328919851591490883
30 0.00097682194800436799863144389360429735116

# 8
8 0.011173121937866268903525678627493701153
9 0
10 0.0048721012520082192348121378658491280766
11 0.0049958326429370167052317192075610261773
12 0.0040702101067895937955752237152826977149
13 0.0059212011110906146457265666757989806880
14 0.0042791079937119198211112001441645286656
15 0.0039339508290309628329125300009042910656
16 0.0040886538832576130423671052238262515563
17 0.0036069723470389540852357844318126324130
18 0.0039917011842455872765973591861002104952
19 0.0039413157866599747103563726173821903678
20 0.0038625524734260256152786763524545485548
21 0.0038117533765263191477318032313474945791
22 0.0038775389325755465481579759730232328244
23 0.0039044719630042836469098674264321460206
24 0.0039111854788412690749947398558798906076
25 0.0039022173595526802699184456271230994799
26 0.0039290003409801031670976185727619072172
27 0.0039051889384872233650961107095912389132
28 0.0039076851685947749216838944637495038901
29 0.0039057597338501010495356707385518100400
30 0.0039058651925401226473931843364923183361

# 15
8 0
9 0
10 0
11 0
12 0
13 0
14 0
15 0
16 4.4473103900889375355465180772827360458 E-5
17 4.6516495371416830000618320514724558213 E-5
18 3.6440271137238488595783322528084380315 E-5
19 3.8298157417241966427701164494731882595 E-5
20 3.0400507630716468466662103170464950741 E-5
21 2.5641305049067005826943623214519886938 E-5
22 2.8744729622384187834677806380021372353 E-5
23 2.9916836797500441404696374695536094814 E-5
24 3.3621889868370078978716276394657002482 E-5
25 3.2020569923077522083004038101632952106 E-5
26 2.9497851713923482045913661339435984547 E-5
27 3.1212140814486481005568465210726708547 E-5
28 3.0455149703817375916645330506482566611 E-5
29 3.0510835361710078338646090270372214355 E-5
30 3.0585148509413437639240461765532241364 E-5

# 15

8 0
9 0
10 0
11 0
12 0
13 0
14 0
15 9.0379136410179564816324062708479248566 E-5
16 3.7935546785236494276730443718244272335 E-5
17 3.9296976693975019953285522470153725155 E-5
18 4.0938026371335013807475189457945119451 E-5
19 2.6406213294847773808179411048427638564 E-5
20 3.7465066708348426633039708717254994600 E-5
21 3.4696753817026839453937741911709431402 E-5
22 3.2822406545928209439794925228787822880 E-5
23 3.3637882145023892884695218510228237092 E-5
24 3.0882798655246621342294011149462780444 E-5
25 2.9803015641190791624569934698101925660 E-5
26 3.0164606834146762265867495217999883004 E-5
27 2.9925671904952109653472486022768606906 E-5
28 3.0053008233288975038229333649742555181 E-5
29 3.0449272096028981180795084482332890499 E-5
30 3.0178817856737381246967884602979848049 E-5
# 7 
8 0.022346243875732537807051357254987402305
9 0.013015156149335901657480135617927076080
10 0.011641429986693845525208934564686187793
11 0.0031274408698664035446414819065817774967
12 0.0071220436639547866769871553942520575422
13 0.0094099177788830074724549162017415797409
14 0.0073564991427258597690581967807378975184
15 0.0077437758467623595842013523010103487752
16 0.0073358231474396109762739548750740302632
17 0.0074764618285236097318967489940821134462
18 0.0077335564053980726564243023698135433915
19 0.0078818095755582072749424838619999961999
20 0.0079430872770710449105773830824568079845
21 0.0078585325270793616506948494401126310258
22 0.0077865174370170351962076312827009651518
23 0.0078121345991526986449471382298070297121
24 0.0078265319378612858839620374412297849637
25 0.0077926124580326283195801104198268420608
26 0.0078216605100992682870478473201664234114
27 0.0078002134019779489192842440649217341774
28 0.0078145734276219356766288498842966083584
29 0.0078038316616666564390134269116345912288
30 0.0078183177781624628713275666227297315866

# 7

8 0.020725281216159501764239563525577587681
9 0.014134225674114225744785354115356482839
10 0.0079286343621066777931835548230378364343
11 0.0089435388800788820129222957393539746484
12 0.0042334429291070670979537048824599690172
13 0.0077179428665246682117754408392491073059
14 0.0072843557533662829025243934863290853399
15 0.0074911512494020394693639576178152772133
16 0.0078917368283477967922194255920432118773
17 0.0071579430443532396819289359237817275936
18 0.0078489327891244394270349352889509586379
19 0.0076661012717492744886124400779675779441
20 0.0078954820773920608286314182391751397511
21 0.0078132901584851387035937668015871261887
22 0.0078498644463393528885706087526181271100
23 0.0078202842112642832218617901479220777966
24 0.0077999398503288695804715935510554971885
25 0.0078397425102473079171904031008030450280
26 0.0078194457969121350400751731423663423363
27 0.0077951302264728917557758509020606337344
28 0.0078181508488321229626641204558616201772
29 0.0078115214041448779372467859581505782136
30 0.0078160570095525447737508093738617265125

# 5

8 0.023346212660651125871105559900545134066
9 0.028328531647219129690850734133897637684
10 0.022804991100352223087544940085587131600
11 0.033467955298352395642010593184885640574
12 0.035192798505129724773596116212610927514
13 0.032720423813461153400730649959367314410
14 0.030775109359159958027338428047555381100
15 0.030866260649516907185393129848863784755
16 0.031126861016409481390560794266293418595
17 0.031382377346702410594801299310377255000
18 0.030694785771392500534703036287203014845
19 0.031875116592691890745755923658361199826
20 0.031261598084135546988153540196948697627
21 0.031288556519930400058310465985176989077
22 0.031223660386412044812807538856789560532
23 0.031245905151207202949909454827499968651
24 0.031275481621319365150867641904999114069
25 0.031262321971734396354534426626517632664
26 0.031250716611317647399456387493903967419
27 0.031258836603109165070881366491721551216
28 0.031244820477867871914727600848583501562
29 0.031262708996068080608232035757081559158
30 0.031249291759473555243839281915499653065
