
# 8
8 0.011173121937866268903525678627493701153
9 0
10 0.0048721012520082192348121378658491280766
11 0.0049958326429370167052317192075610261773
12 0.0040702101067895937955752237152826977149
13 0.0059212011110906146457265666757989806880
14 0.0042791079937119198211112001441645286656
15 0.0039339508290309628329125300009042910656
16 0.0040886538832576130423671052238262515563
17 0.0036069723470389540852357844318126324130
18 0.0039917011842455872765973591861002104952
19 0.0039413157866599747103563726173821903678
20 0.0038625524734260256152786763524545485548
21 0.0038117533765263191477318032313474945791
22 0.0038775389325755465481579759730232328244
23 0.0039044719630042836469098674264321460206
24 0.0039111854788412690749947398558798906076
25 0.0039022173595526802699184456271230994799
26 0.0039290003409801031670976185727619072172
27 0.0039051889384872233650961107095912389132
28 0.0039076851685947749216838944637495038901
29 0.0039057597338501010495356707385518100400
30 0.0039058651925401226473931843364923183361

