# 10
8 0
9 0
10 0
11 0.0017196889770516104457347844068921694822
12 0.00078462111234950476676941280132883431588
13 0.00058901478589091652320475287811031098361
14 0.0011971745244613283297823141646936232858
15 0.0011600553874889508752311772876880324916
16 0.0010092748706340182951255799828496357414
17 0.00095920631213661410942332365781926281131
18 0.00096016312399386721045950630560158028200
19 0.00098421620725276123095471868605577438972
20 0.00094011950685771546047068992614265686892
21 0.0010002018152774010523558889383266748271
22 0.00099129733805170758079302388291842878698
23 0.00097844196004273072703222725889053395840
24 0.00097194040495004632288124767498792731308
25 0.00098390198803441188629814841417427587875
26 0.00098620132817410067500498387333587460375
27 0.00097021889626452855132732087028962425874
28 0.00097904186764414483873508545594226430939
29 0.00097900666646243624828328919851591490883
30 0.00097682194800436799863144389360429735116

