# 5

8 0.023346212660651125871105559900545134066
9 0.028328531647219129690850734133897637684
10 0.022804991100352223087544940085587131600
11 0.033467955298352395642010593184885640574
12 0.035192798505129724773596116212610927514
13 0.032720423813461153400730649959367314410
14 0.030775109359159958027338428047555381100
15 0.030866260649516907185393129848863784755
16 0.031126861016409481390560794266293418595
17 0.031382377346702410594801299310377255000
18 0.030694785771392500534703036287203014845
19 0.031875116592691890745755923658361199826
20 0.031261598084135546988153540196948697627
21 0.031288556519930400058310465985176989077
22 0.031223660386412044812807538856789560532
23 0.031245905151207202949909454827499968651
24 0.031275481621319365150867641904999114069
25 0.031262321971734396354534426626517632664
26 0.031250716611317647399456387493903967419
27 0.031258836603109165070881366491721551216
28 0.031244820477867871914727600848583501562
29 0.031262708996068080608232035757081559158
30 0.031249291759473555243839281915499653065
