# 20
1 0.50052279603946133773053487627562435397
2 0.24961577463861456719529932724256992542
3 0.12458975067682511581859612603800021803
4 0.062905761693107124095495189683284817050
5 0.031109468399958088169191103778950541799
6 0.015635577919455977099082622003949716286
7 0.0079254476042159559134150530769550316674
8 0.0038870067669323615219508199098050635728
9 0.0018673948561598333467462801686105750739
10 0.00099737370209944670857678283538641344892
11 0.00048596737341508181500534714862415620591
12 0.00022821421234413560807997385819621963359
13 0.00013557009860016448614149018425725042206
14 0.000058020177427617239508629786293671268994 
15 0.000030400507630716468466662103170464950741 
16 0.000018063400256654499924185086716530961553 
17 0.0000026176194549100396766846806743973511335
18 0.0000038006122714157617635301573576430173106
19 0.0000025864822643792477935634770681661232017
