# 25
1 0.49970367191335151163418050220936233841
2 0.25003407250301594097080209820942563753
3 0.12496204949183073331282016127482696573
4 0.062522144420382771763078920306973014678
5 0.031244925795686348673894716124048396013
6 0.015636745895309653224315102018947218677
7 0.0078188077756176405353928894249607109326
8 0.0039051789458503366970434406432002785941
9 0.0019477194454373663562407853362869153394
10 0.00098191510449874683133483305696441724339
11 0.00049692247851881290893483480248343108952
12 0.00024093702291821908948907065292433127908
13 0.00012127098096152583864014070551982863765
14 0.000061491001222025923701300051931600200536 
15 0.000029574289848031751367312067829211150610 
16 0.000015457594515746430296369381922127872577 
17 0.0000077401896432858190840511022703362916405
18 0.0000031948866614736135536126973796181731638
19 0.0000022803204555565241437366705010229381296
20 0.0000010073190225930853585898929651581290042
